11110000000011000001001010110001011100100111010011
11101101001011001000110111100000010110011100011010
01001011110101001111010101101000010001110111011101
01100011100010100101110111111011111011100111000010
10010101100001101000100011101100110111011100111000
00000000011111100000011111101111001101100111110111
11000010001110000000001010010100011000001010110011
11011111100010011100010110011010011111000100001111
11100100011111101000010000001010001011010011110010
01110001011000111010011111101101010101101100011110
10111000101000001100110110100100110110011001100110
00001110001010010111010011001000101110000001110011
11011111011010110011111111000111011010000110111111
11101101111010001010001001100101110001110011101010
10010001011001100110110111111001010111100010111110
11001010011000000110001111110111101101101110111101
00000011101000001011010110000101001100101001101111
11000110011001011011001010010011000011011011000011
00001111100010110000100010010011110100011000101111
11101101101001000011001111001000111101101101011011
01000010111101010010010001100110001101010001100101
11101000011111101010001101010011010010011001000001
01000101011000000010100101101111111000001111001100
10110010001001010101001100110010011011001100111000
10011000001111001010011111100010011100110111101011
01001111110111111110001001111101010000000001110001
10100000001001110100010001101001110001000011010001
11110010011010100010110100011111100110000000110001
01100101111000000101101100010011001101100000011000
11011111010100100100011110010011000100111000011000
11100011101111001110101010010001000110000111011100
10011001100010010100111000011010111100001110101000
01011101111000111010111010010100110111000011100010
00000100100001110000111000111011010100001111011011
11100111100011101101010100011100011001111100100111
00111101101111011010100110111001111011100000011111
11000110011100010101110111101010010110001010110100
01101010110011000101000011011101001100110000111011
00010111000110011000010101000000000110000100100010
01101001011101100010010111011101011000010010101100
00111010010000111100011010011101010110001001101010
11101000010010100010110000101000011110100100011111
00100010001111000010110100110111110101001001111100
10001100010101111100010110100010010100110011011011
00101010001011010100000000100101001101111100010101
10011100000011000101101111010111100111110111110101
11000101111000011100101010001100111111110101101011
00001001111000100001011010011100001111110010001001
11000001101000111100000101110000011110101100100011
01101001110110001011111100110110001111000010111011
